Year,Name,Team,CMP,ATT,YD,TD,INT,Y/C,Y/G,FP
2020,Deshaun Watson,HOU,382,544.0,4823,33,7,301.4,112.4,310.91999999999996
2020,Patrick Mahomes,KAN,390,588.0,4740,38,6,316.0,108.2,329.6
2020,Tom Brady,TAM,401,610.0,4633,40,12,289.6,102.2,321.32
2020,Matt Ryan,ATL,407,626.0,4581,26,11,286.3,93.3,265.24
2020,Josh Allen,BUF,396,572.0,4544,37,10,284.0,107.2,309.76
2020,Justin Herbert,LAC,396,595.0,4336,31,10,289.1,98.3,277.44
2020,Aaron Rodgers,GNB,372,526.0,4299,48,5,268.7,121.5,353.96000000000004
2020,Kirk Cousins,MIN,349,516.0,4265,35,13,266.6,105.0,284.6
2020,Russell Wilson,SEA,384,558.0,4212,40,13,263.3,105.1,302.48
2020,Philip Rivers,IND,369,543.0,4169,24,11,260.6,97.0,240.76
2020,Derek Carr,LVR,348,517.0,4103,27,9,256.4,101.4,254.12
2020,Matthew Stafford,DET,339,528.0,4084,26,10,255.3,96.3,247.36
2020,Kyler Murray,ARI,375,558.0,3971,26,12,248.2,94.3,238.84000000000003
2020,Jared Goff,LAR,370,552.0,3952,20,13,263.5,90.0,212.08
2020,Ryan Tannehill,TEN,315,481.0,3819,33,7,238.7,106.5,270.76
2020,Ben Roethlisberger,PIT,399,608.0,3803,33,10,253.5,94.1,264.12
2020,Teddy Bridgewater,CAR,340,492.0,3733,15,11,248.9,92.1,187.32
2020,Baker Mayfield,CLE,305,486.0,3563,26,8,222.7,95.9,230.52
2020,Daniel Jones,NYG,280,448.0,2943,11,10,210.2,80.4,141.72
2020,Drew Brees,NOR,275,390.0,2942,24,6,245.2,106.4,201.68
2020,Drew Lock,DEN,254,443.0,2933,16,15,225.6,75.4,151.32
2020,Lamar Jackson,BAL,242,376.0,2757,26,9,183.8,99.3,196.28
2020,Joe Burrow,CIN,264,404.0,2688,13,5,268.8,89.8,149.51999999999998
2020,Cam Newton,NWE,242,368.0,2657,8,10,177.1,82.9,118.28
2020,Carson Wentz,PHI,251,437.0,2620,16,15,218.3,72.8,138.8
2020,Nick Mullens,SFO,211,326.0,2437,12,12,243.7,84.1,121.48000000000002
2020,Gardner Minshew II,JAX,216,327.0,2259,16,5,251.0,95.9,144.36
2020,Sam Darnold,NYJ,217,364.0,2208,9,11,184.0,72.7,102.32
2020,Andy Dalton,DAL,216,333.0,2170,14,8,197.3,87.3,126.80000000000001
2020,Ryan Fitzpatrick,MIA,183,267.0,2091,13,8,232.3,95.6,119.63999999999999
2020,Mitchell Trubisky,CHI,199,297.0,2055,16,8,205.5,93.5,130.2
2020,Dak Prescott,DAL,151,222.0,1856,9,4,371.2,99.6,102.24
2020,Nick Foles,CHI,202,312.0,1852,10,8,205.8,80.8,98.08
2020,Tua Tagovailoa,MIA,186,290.0,1814,11,5,181.4,87.1,106.56
2020,Alex Smith,WAS,168,252.0,1582,6,8,197.8,78.5,71.28
2020,Dwayne Haskins,WAS,148,241.0,1439,5,7,205.6,73.0,63.56
2020,Jimmy Garoppolo,SFO,94,140.0,1096,7,5,182.7,92.4,61.84
2020,Mike Glennon,JAX,111,179.0,1072,7,5,214.4,80.1,60.879999999999995
2020,Jalen Hurts,PHI,77,148.0,1061,6,4,70.7,77.6,58.44
2020,Brandon Allen,CIN,90,142.0,925,5,4,185.0,82.0,49.0
2020,Joe Flacco,NYJ,74,134.0,864,6,3,172.8,80.6,52.56
2020,C.J. Beathard,SFO,66,104.0,787,6,0,131.2,105.7,55.480000000000004
2020,Jake Luton,JAX,60,110.0,624,2,6,208.0,54.5,20.96
2020,Kyle Allen,WAS,60,87.0,610,4,1,152.5,99.3,38.4
2020,Jeff Driskel,DEN,35,64.0,432,3,2,144.0,78.4,25.28
2020,Colt McCoy,NYG,40,66.0,375,1,1,93.8,75.0,17.0
2020,P.J. Walker,CAR,32,56.0,368,1,5,92.0,45.8,8.719999999999999
2020,Mason Rudolph,PIT,25,43.0,324,2,1,64.8,87.7,18.96
2020,Brett Rypien,DEN,27,40.0,295,2,4,98.3,66.1,11.8
2020,Chase Daniel,DET,29,43.0,264,1,2,66.0,72.2,10.56
2020,Jarrett Stidham,NWE,22,44.0,256,2,3,51.2,54.7,12.240000000000002
2020,Chad Henne,KAN,28,38.0,248,2,0,82.7,108.2,17.92
2020,Garrett Gilbert,DAL,21,38.0,243,1,1,243.0,72.6,11.72
2020,John Wolford,LAR,22,38.0,231,0,1,231.0,64.7,7.24
2020,Marcus Mariota,LVR,17,28.0,226,1,1,226.0,83.3,11.04
2020,Ben DiNucci,DAL,23,43.0,219,0,0,73.0,67.9,8.76
2020,Tyrod Taylor,LAC,16,30.0,208,0,0,104.0,75.4,8.32
2020,Matt Barkley,BUF,11,21.0,197,1,1,39.4,80.9,9.879999999999999
2020,Ryan Finley,CIN,17,32.0,164,1,2,32.8,52.1,6.559999999999999
2020,Blaine Gabbert,TAM,9,16.0,143,2,0,35.8,125.8,13.719999999999999
2020,Taylor Heinicke,WAS,12,19.0,137,1,0,137.0,102.3,9.48
2020,Brian Hoyer,NWE,15,24.0,130,0,1,130.0,59.4,3.2
2020,Chris Streveler,ARI,11,16.0,105,1,1,21.0,81.5,6.199999999999999
2020,Trace McSorley,BAL,3,10.0,90,1,0,45.0,97.9,7.6
2020,Jameis Winston,NOR,7,11.0,75,0,0,18.8,83.5,3.0
2020,David Blough,DET,6,10.0,49,0,1,49.0,32.9,-0.040000000000000036
2020,Case Keenum,CLE,5,10.0,46,0,0,23.0,62.9,1.84
2020,Robert Griffin III,BAL,8,14.0,42,0,2,10.5,22.6,-2.3200000000000003
2020,Geno Smith,SEA,4,5.0,33,0,0,33.0,94.2,1.32
2020,Nate Sudfeld,PHI,5,12.0,32,0,1,32.0,14.6,-0.72
2020,Nathan Peterman,LVR,3,5.0,25,0,0,25.0,72.9,1.0
2020,A.J. McCarron,HOU,1,1.0,20,0,0,10.0,118.7,0.8
2020,Tyler Bray,CHI,1,5.0,18,0,0,18.0,42.1,0.72
2020,Jacoby Brissett,IND,2,8.0,17,0,0,1.5,39.6,0.68
2020,Tyler Huntley,BAL,3,5.0,15,0,0,7.5,64.6,0.6
2020,Logan Woodside,TEN,1,3.0,7,0,0,1.2,42.4,0.28
2020,Easton Stick,LAC,1,1.0,4,0,0,4.0,83.3,0.16
2020,Joshua Dobbs,PIT,4,5.0,2,0,0,2.0,79.2,0.08
2020,Tim Boyle,GNB,0,0.0,0,0,0,0.0,0.0,0.0
