Year,Name,Team,CMP,ATT,YD,TD,INT,Y/C,Y/G,FP
2023,Tua Tagovailoa,MIA,388,560.0,4624,29,14,272.0,101.1,272.96000000000004
2023,Jared Goff,DET,407,605.0,4575,30,12,269.1,97.9,279.0
2023,Dak Prescott,DAL,410,590.0,4516,36,9,265.6,105.9,306.64
2023,Josh Allen,BUF,385,579.0,4306,29,18,253.3,92.2,252.24
2023,Brock Purdy,SFO,308,444.0,4280,31,11,267.5,113.0,273.2
2023,Patrick Mahomes,KAN,401,597.0,4183,27,14,261.4,92.6,247.32
2023,Jordan Love,GNB,372,579.0,4159,32,11,244.6,96.1,272.36
2023,C.J. Stroud,HOU,319,499.0,4108,23,5,273.9,100.8,246.32
2023,Baker Mayfield,TAM,364,566.0,4044,28,10,237.9,94.6,253.76
2023,Trevor Lawrence,JAX,370,564.0,4016,21,14,251.0,88.5,216.64
2023,Matthew Stafford,LAR,326,521.0,3965,24,11,264.3,92.5,232.6
2023,Sam Howell,WAS,388,612.0,3946,21,21,232.1,78.9,199.84
2023,Derek Carr,NOR,375,548.0,3878,25,8,228.1,97.7,239.12
2023,Jalen Hurts,PHI,352,538.0,3858,23,15,226.9,89.1,216.32
2023,Lamar Jackson,BAL,307,457.0,3678,24,7,229.9,102.7,229.12
2023,Geno Smith,SEA,323,499.0,3624,20,9,241.6,92.1,206.96
2023,Gardner Minshew II,IND,305,490.0,3305,15,9,194.4,84.6,174.2
2023,Justin Herbert,LAC,297,456.0,3134,20,7,241.1,93.2,191.36
2023,Russell Wilson,DEN,297,447.0,3070,26,8,204.7,98.0,210.8
2023,Bryce Young,CAR,315,527.0,2877,11,10,179.8,73.7,139.07999999999998
2023,Desmond Ridder,ATL,249,388.0,2836,12,12,189.1,83.4,137.44
2023,Justin Fields,CHI,227,370.0,2562,16,9,197.1,86.3,148.48000000000002
2023,Joshua Dobbs,2TM,262,417.0,2464,13,10,189.5,79.5,130.56
2023,Joshua Dobbs,ARI,167,266.0,1569,8,5,196.1,81.2,84.75999999999999
2023,Joshua Dobbs,MIN,95,151.0,895,5,5,179.0,76.4,45.8
2023,Kirk Cousins,MIN,216,311.0,2331,18,5,291.4,103.8,155.24
2023,Joe Burrow,CIN,244,365.0,2309,15,6,230.9,91.0,140.36
2023,Zach Wilson,NYJ,221,368.0,2271,8,7,189.3,77.2,108.84
2023,Aidan O'Connell,LVR,213,343.0,2218,12,7,201.6,83.9,122.72
2023,Mac Jones,NWE,224,345.0,2120,10,12,192.7,77.0,100.8
2023,Kenny Pickett,PIT,201,324.0,2070,6,4,172.5,81.4,98.8
2023,Jake Browning,CIN,171,243.0,1936,12,7,215.1,98.4,111.44
2023,Will Levis,TEN,149,255.0,1808,8,4,200.9,84.2,96.32
2023,Kyler Murray,ARI,176,268.0,1799,10,5,224.9,89.4,101.96
2023,Joe Flacco,CLE,123,204.0,1616,13,8,323.2,90.2,100.64
2023,Ryan Tannehill,TEN,149,230.0,1616,4,7,161.6,78.5,66.64
2023,Tyrod Taylor,NYG,116,180.0,1341,5,3,121.9,89.1,67.64
2023,Nick Mullens,MIN,100,148.0,1306,7,8,261.2,88.4,64.24000000000001
2023,Bailey Zappe,NWE,127,212.0,1272,6,9,127.2,68.7,56.879999999999995
2023,Jimmy Garoppolo,LVR,110,169.0,1205,7,9,172.1,77.7,58.2
2023,Easton Stick,LAC,111,174.0,1129,3,1,225.8,85.6,55.16
2023,Deshaun Watson,CLE,105,171.0,1115,7,4,185.8,84.3,64.6
2023,Tommy DeVito,NYG,114,178.0,1101,8,3,122.3,89.2,70.03999999999999
2023,Daniel Jones,NYG,108,160.0,909,2,6,151.5,70.5,32.36
2023,Taylor Heinicke,ATL,74,136.0,890,5,4,178.0,74.7,47.6
2023,Tyson Bagent,CHI,94,143.0,859,3,6,171.8,71.4,34.36
2023,Trevor Siemian,NYJ,86,153.0,724,2,4,144.8,62.1,28.96
2023,Mason Rudolph,PIT,55,74.0,719,3,0,179.8,118.0,40.760000000000005
2023,P.J. Walker,CLE,54,111.0,674,1,5,112.3,52.2,20.96
2023,Mitchell Trubisky,PIT,67,107.0,632,4,5,126.4,71.9,31.28
2023,Anthony Richardson,IND,50,84.0,577,3,1,144.3,87.3,33.08
2023,Drew Lock,SEA,48,76.0,543,3,3,135.8,81.2,27.72
2023,Jarrett Stidham,DEN,40,66.0,496,2,1,165.3,87.7,25.84
2023,Dorian Thompson-Robinson,CLE,60,112.0,440,1,4,55.0,51.2,13.600000000000001
2023,Andy Dalton,CAR,34,58.0,361,2,0,120.3,88.4,22.439999999999998
2023,Tim Boyle,NYJ,48,77.0,360,1,4,120.0,56.2,10.399999999999999
2023,C.J. Beathard,JAX,40,53.0,349,1,0,49.9,98.7,17.96
2023,Sam Darnold,SFO,28,46.0,297,2,1,29.7,85.1,17.880000000000003
2023,Case Keenum,HOU,34,53.0,291,1,3,145.5,61.1,9.64
2023,Jameis Winston,NOR,25,47.0,264,2,3,37.7,57.4,12.560000000000002
2023,Brian Hoyer,LVR,23,42.0,231,0,2,77.0,50.8,5.24
2023,Jacoby Brissett,WAS,18,23.0,224,3,0,74.7,146.8,20.96
2023,Tyler Huntley,BAL,21,37.0,203,3,0,40.6,99.3,20.119999999999997
2023,Blaine Gabbert,KAN,18,35.0,185,0,3,92.5,31.2,1.4000000000000004
2023,Davis Mills,HOU,18,39.0,173,2,0,28.8,76.1,14.92
2023,Brett Rypien,LAR,18,38.0,172,0,1,86.0,49.5,4.88
2023,Jaren Hall,MIN,13,20.0,168,0,1,56.0,70.4,4.72
2023,Jeff Driskel,CLE,13,26.0,166,2,2,166.0,63.9,10.64
2023,Marcus Mariota,PHI,15,23.0,164,1,1,54.7,82.5,8.559999999999999
2023,Carson Wentz,LAR,17,24.0,163,2,1,81.5,99.8,12.52
2023,Cooper Rush,DAL,18,24.0,144,0,1,20.6,72.2,3.76
2023,Mike White,MIA,5,6.0,74,1,1,12.3,118.1,4.96
2023,Malik Willis,TEN,4,5.0,74,0,0,24.7,118.7,2.96
2023,Clayton Tune,ARI,12,21.0,62,0,2,8.9,22.6,-1.52
2023,Sean Clifford,GNB,1,1.0,37,0,0,18.5,118.7,1.48
2023,Logan Woodside,ATL,3,4.0,27,0,1,27.0,53.1,-0.9199999999999999
2023,A.J. McCarron,CIN,4,5.0,19,0,0,9.5,82.5,0.76
2023,Malik Cunningham,NWE,0,0.0,0,0,0,0.0,0.0,0.0
2023,Nathan Peterman,CHI,0,0.0,0,0,0,0.0,0.0,0.0
2023,Aaron Rodgers,NYJ,0,1.0,0,0,0,0.0,39.6,0.0
2023,Kyle Trask,TAM,0,1.0,0,0,0,0.0,39.6,0.0
